- premath: 4.787637285
- prephy: 1.835618906
- prebio: 17.43865031
- prechem: 0
- precom: 0
- postmath: 0
- postphy: 0
- postbio: 0
- postchem: 0
- postcom:  0
